#the number of patterns to be recognized
12

#marker 1
data/10.patt
50.0
0.0 0.0
1.0000 0.0000 0.0000 50.0000
0.0000 1.0000 0.0000 -50.0000
0.0000 0.0000 1.0000 0.0000

#marker 2
data/11.patt
50.0
0.0 0.0
1.0000 0.0000 0.0000 115.0000
0.0000 1.0000 0.0000 -50.0000
0.0000 0.0000 1.0000 0.0000

#marker 3
data/12.patt
50.0
0.0 0.0
1.0000 0.0000 0.0000 180.0000
0.0000 1.0000 0.0000 -50.0000
0.0000 0.0000 1.0000 0.0000

#marker 4
data/13.patt
50.0
0.0 0.0
1.0000 0.0000 0.0000 245.0000
0.0000 1.0000 0.0000 -50.0000
0.0000 0.0000 1.0000 0.0000

#marker 5
data/14.patt
50.0
0.0 0.0
1.0000 0.0000 0.0000 50.0000
0.0000 1.0000 0.0000 -110.0000
0.0000 0.0000 1.0000 0.0000

#marker 6
data/15.patt
50.0
0.0 0.0
1.0000 0.0000 0.0000 115.0000
0.0000 1.0000 0.0000 -110.0000
0.0000 0.0000 1.0000 0.0000

#marker 7
data/16.patt
50.0
0.0 0.0
1.0000 0.0000 0.0000 180.0000
0.0000 1.0000 0.0000 -110.0000
0.0000 0.0000 1.0000 0.0000

#marker 8
data/17.patt
50.0
0.0 0.0
1.0000 0.0000 0.0000 245.0000
0.0000 1.0000 0.0000 -110.0000
0.0000 0.0000 1.0000 0.0000

#marker 9
data/18.patt
50.0
0.0 0.0
1.0000 0.0000 0.0000 50.0000
0.0000 1.0000 0.0000 -170.0000
0.0000 0.0000 1.0000 0.0000

#marker 10
data/19.patt
50.0
0.0 0.0
1.0000 0.0000 0.0000 115.0000
0.0000 1.0000 0.0000 -170.0000
0.0000 0.0000 1.0000 0.0000

#marker 11
data/20.patt
50.0
0.0 0.0
1.0000 0.0000 0.0000 180.0000
0.0000 1.0000 0.0000 -170.0000
0.0000 0.0000 1.0000 0.0000

#marker 12
data/21.patt
50.0
0.0 0.0
1.0000 0.0000 0.0000 245.0000
0.0000 1.0000 0.0000 -170.0000
0.0000 0.0000 1.0000 0.0000
